0000   58 24 29 80 7c 88 74 83 c2 75 ed ae 08 00 45 00
0010   00 4c 68 01 40 00 71 06 ec 4a 68 82 8a ba c0 a8
0020   01 7b 51 5b 9e ca 0a fc 70 e6 0f 17 d3 3b 80 18
0030   01 03 a9 d8 00 00 01 01 08 0a 01 48 d1 ed c5 94
0040   2c 8b ff 7f d8 30 10 00 00 00 0c 00 00 00 00 00
0050   00 00 0f 00 00 00 00 00 00 00


ff 7f d8 30 10 00 00 00 0c 00 00 00 00 00 00 00 0f 00 00 00 00 00 00 00
msgID|msgCD|msgLength  |colorMode  |progress   |limit      |nameLen    |name ->
32767|12504|16         |12         |           |15         |


ff 7f d8 30 10 00 00 00 0c 00 00 00 01 00 00 00 0f 00 00 00 00 00 00 00
msgID|msgCD|msgLength  |           |           |
32767|12504|16         |12         |1          |15         |

ff 7f d8 30 10 00 00 00 0c 00 00 00 02 00 00 00 0f 00 00 00 00 00 00 00
msgID|msgCD|msgLength  |           |           |
32767|12504|16         |12         |2          |15         |

ff 7f d8 30 10 00 00 00 0c 00 00 00 03 00 00 00 0f 00 00 00 00 00 00 00
msgID|msgCD|msgLength  |           |           |
32767|12504|16         |12         |3          |15         |

ff 7f d8 30 10 00 00 00 0c 00 00 00 04 00 00 00 0f 00 00 00 00 00 00 00
msgID|msgCD|msgLength  |           |           |
32767|12504|16         |12         |4          |15         |

ff 7f d8 30 10 00 00 00 0c 00 00 00 08 00 00 00 0f 00 00 00 00 00 00 00
msgID|msgCD|msgLength  |           |           |
32767|12504|16         |12         |8          |15         |

ff 7f d8 30 10 00 00 00 0c 00 00 00 09 00 00 00 0f 00 00 00 00 00 00 00
msgID|msgCD|msgLength  |           |           |
32767|12504|16         |12         |9          |15         |

ff 7f d8 30 10 00 00 00 0c 00 00 00 0a 00 00 00 0f 00 00 00 00 00 00 00
msgID|msgCD|msgLength  |           |           |
32767|12504|16         |12         |10         |15         |

ff 7f d8 30 10 00 00 00 0c 00 00 00 0e 00 00 00 0f 00 00 00 00 00 00 00
msgID|msgCD|msgLength  |           |           |
32767|12504|16         |12         |14         |15         |

ff 7f d8 30 10 00 00 00 00 00 00 00 00 00 00 00 0f 00 00 00 00 00 00 00
msgID|msgCD|msgLength  |           |           |
32767|12504|16         |0          |0          |15         |
