0000   58 24 29 80 7c 88 74 83 c2 75 ed ae 08 00 45 00
0010   01 78 73 2d 40 00 71 06 df f2 68 82 8a ba c0 a8
0020   01 7b 51 5b 9e ca 0a fc 70 fe 0f 17 d3 3b 80 18
0030   01 03 83 cf 00 00 01 01 08 0a 01 48 d2 3d c5 94
0040   39 51 13 02 d4 30 3c 01 00 00 01 00 00 00 00 00
0050   00 00 00 00 00 00 5a 00 00 00 02 00 00 00 00 00
0060   00 00 55 00 00 00 00 00 00 00 55 00 00 00 64 00
0070   00 00 00 00 00 00 01 00 00 00 63 00 00 00 00 00
0080   00 00 62 00 00 00 5a 00 00 00 00 00 00 00 12 00
0090   00 00 f4 01 00 00 00 00 00 00 00 00 00 00 f5 01
00a0   00 00 00 00 00 00 00 00 00 00 f6 01 00 00 00 00
00b0   00 00 02 00 0a 00 f7 01 00 00 00 00 00 00 07 00
00c0   0a 00 f8 01 00 00 00 00 00 00 00 00 00 00 f9 01
00d0   00 00 01 00 00 00 00 00 00 00 fa 01 00 00 00 00
00e0   00 00 00 00 00 00 fb 01 00 00 00 00 00 00 00 00
00f0   00 00 fc 01 00 00 00 00 00 00 00 00 00 00 fe 01
0100   00 00 00 00 00 00 00 00 00 00 ff 01 00 00 00 00
0110   00 00 00 00 00 00 00 02 00 00 00 00 00 00 00 00
0120   00 00 01 02 00 00 00 00 00 00 00 00 00 00 02 02
0130   00 00 00 00 00 00 00 00 00 00 03 02 00 00 00 00
0140   00 00 00 00 00 00 04 02 00 00 00 00 00 00 00 00
0150   00 00 05 02 00 00 00 00 00 00 00 00 00 00 07 02
0160   00 00 00 00 00 00 00 00 00 00 dc 02 00 00 93 02
0170   00 00 fd ff ff ff 00 00 00 00 02 00 00 00 02 00
0180   00 00 00 00 00 00

Same as 12527_status

13 02 d4 30 3c 01 00 00 01 00 00 00 00 00 00 00 00 00 00 00 5a 00 00 00 02 00 00 00 
msgID|msgCD|msgLength  |ok         |fM|rm|pD|sD|cD|? |? |? |airTemp    |bodyCount  |

00 00 00 00 55 00 00 00 00 00 00 00 55 00 00 00 64 00 00 00 00 00 00 00 01 00 00 00 63 00 00 00 00 00 00 00 62 00 00 00 5a 00 00 00 00 00 00 00 12 00 00 00 
bodyType   |lastTemp   |heatStatus |heatSP     |coolSP     |heatMode   |bodyType   |lastTemp   |heatStatus |heatSP     |coolSP     |heatMode   |circuitCnt |

f4 01 00 00 00 00 00 00 00 00 00 00 f5 01 00 00 00 00 00 00 00 00 00 00 f6 01 00 00 00 00 00 00 02 00 0a 00 f7 01 00 00 00 00 00 00 07 00 0a 00 
cirID      |cirState   |cS|cP|cT|cD|cirID      |cirState   |cS|cP|cT|cD|cirID      |cirState   |cS|cP|cT|cD|cirID      |cirState   |cS|cP|cT|cD|

f8 01 00 00 00 00 00 00 00 00 00 00 f9 01 00 00 01 00 00 00 00 00 00 00 fa 01 00 00 00 00 00 00 00 00 00 00 fb 01 00 00 00 00 00 00 00 00 00 00 
cirID      |cirState   |cS|cP|cT|cD|cirID      |cirState   |cS|cP|cT|cD|cirID      |cirState   |cS|cP|cT|cD|cirID      |cirState   |cS|cP|cT|cD|

fc 01 00 00 00 00 00 00 00 00 00 00 fe 01 00 00 00 00 00 00 00 00 00 00 ff 01 00 00 00 00 00 00 00 00 00 00 00 02 00 00 00 00 00 00 00 00 00 00 
cirID      |cirState   |cS|cP|cT|cD|cirID      |cirState   |cS|cP|cT|cD|cirID      |cirState   |cS|cP|cT|cD|cirID      |cirState   |cS|cP|cT|cD|

01 02 00 00 00 00 00 00 00 00 00 00 02 02 00 00 00 00 00 00 00 00 00 00 03 02 00 00 00 00 00 00 00 00 00 00 04 02 00 00 00 00 00 00 00 00 00 00 
cirID      |cirState   |cS|cP|cT|cD|cirID      |cirState   |cS|cP|cT|cD|cirID      |cirState   |cS|cP|cT|cD|cirID      |cirState   |cS|cP|cT|cD|

05 02 00 00 00 00 00 00 00 00 00 00 07 02 00 00 00 00 00 00 00 00 00 00 
cirID      |cirState   |cS|cP|cT|cD|cirID      |cirState   |cS|cP|cT|cD|

dc 02 00 00 93 02 00 00 fd ff ff ff 00 00 00 00 02 00 00 00 02 00 00 00 00 00 00 00
pH         |orp        |sat/100    |saltPPM    |pHTank     |orpTank    |alarm      |
