12567 (Response)
0d 00 00 00|00 00 00 00|10 00 00 00|02|a0|00|00|01|0a|00|00|00|00|00|00|00|00|00|00|08 00 00 00|00|00|00|00|41|48|00|00|18 00 00 00|03|00|00|00|05|00|ff|ff|ff|00|00|00|00|00|05|06|07|08|09|0a|01|02|03|04|2c 00 00 00|00 00 00 00 05 06 07 08 09 0a 01 02 03 04 05 06 07 08 09 0a 00 00 00 00 00 00 00 00 00 00 00 00 00 00 00 00 00 00 00 00 01 02 03 04|03 00 00 00 05 00 46 00|02 00 00 00|10 00 00 00
C/H type   |ctrl data  |count    16|                                               |count     8|                       |count    24|                                                                       |count    44|                                                                                                                                   |count      |      air  |count      |           
                       |version data array                                         |speed data array                   |valve data array                                                                   |remote data array                                                                                                                              |sensor data array      |delay data array       

|8c 00 00 00|00 00 00 00\00 00 00 00\00 00 00 00\00 00 00 00\00 00 00 00\00 00 00 00\00 00 00 00 00 00 00 00 00 00 00 00 00 00 00 00 00 00 00 00 00 00 00 00 00 00 00 00 00 00 00 00 00 00 00 00 00 00 00 00 00 00 00 00 00 00 00 00 00 00 00 00 00 00 00 00 00 00 00 00 00 00 00 00 00 00 00 00 00 00 00 00 00 00 00 00 00 00 00 00 00 00 00 00 00 00 00 00 00 00 00 00 00 00 00 00 00 00 00 00 00 00 00 00 00 00 00 00 00 00 00 00 00 00 00 00|0a 00 00 00|00 00 00 01 01 00 00 00 00 00 00 00|0c 00 00 00|03 04 07 00 00 00 00 00 00 00 00 00
|count   140|                                                                                                                                                                                                                                                                                                                                                                                                                                   |count    10|                                   |count    12|                                   
|macro data array                                                                                                                                                                                                                                                                                                                                                                                                                               |misc data array                                |light data array                               

|68 01 00 00|40 00 00 04 06 3e 09 48 01 0d 82 4b 0c 48 00 1e 00 1e 00 1e 00 c4 7a 7a 00 00 00 00 00 00 ff ff ff ff ff ff ff ff 00 00 00 00 00 00 00 40 0f 02 01 02 0a 00 1e 00 1e 00 1e 00 1e 00 1e 00 1e 00 1e 00 8c 00 00 00 00 00 00 00 00 ff ff ff ff ff ff ff ff 00 00 00 00 00 00 00 00 00 00 00 00 00 00 00 00 00 00 00 00 00 00 00 00 00 00 00 00 00 00 00 00 00 00 00 00 00 00 00 00 00 00 00 00 00 00 00 00 00 00 00 00 00 00 00 00 00 00 00 00 00 00 00 00 00 00 00 00 00 00 00 00 00 00 00 00 00 00 00 00 00 00 00 00 00 00 00 00 00 00 00 00 00 00 00 00 00 00 00 00 00 00 00 00 00 00 00 00 00 00 00 00 00 00 00 00 00 00 00 00 00 00 00 00 00 00 00 00 00 00 00 00 00 00 00 00 00 00 00 00 00 00 00 00 00 00 00 00 00 00 00 00 00 00 00 00 00 00 00 00 00 00 00 00 00 00 00 00 00 00 00 00 00 00 00 00 00 00 00 00 00 00 00 00 00 00 00 00 00 00 00 00 00 00 00 00 00 00 00 00 00 00 00 00 00 00 00 00 00 00 00 00 00 00 00 00 00 00 00 00 00 00 00 00 00 00 00 00 00 00 00 00 00 00 00 00 00 00 00 00 00 00 00 00 00 00 00 00 00 00 00 00 00 00 00 00 00 00 00 00 00 00 00 00 00 00 00 00 00 00 00 00 00 00 00 00 00
|count   360|                                                                                                                                                                                                                                                                                                                                                                                                                                                                                                                                                                                                                                                                                                                                                                                                                                                                                                                                                                                                                                                                                                                       
|flow data array                                                                                                                                                                                                                                                                                                                                                                                                                                                                                                                                                                                                                                                                                                                                                                                                                                                                                                                                                                                                                                                                                                                    

|16 00 00 00|01 33 00 00 00 00 20 20 20 20 20 20 20 20 20 20 20 20 20 20 20 20 00 00|10 00 00 00|00 00 00 00 3e 00 32 01 01 90 0d 7a 0f 82 00 00|
|count    22|                                                                       |count    16|                                               |
|scg data array                                                                     |spa flow data array                                        |
